service_id,date,exception_type
68201,20261126,2
68202,20261126,2
68203,20261126,2
68204,20261127,2
68205,20261126,2
68206,20261126,2
68207,20261127,2
68208,20261127,2
68209,20261126,1
68210,20261127,2
68211,20261126,2
68212,20261127,2
68213,20261126,2
68214,20261127,2
68215,20261127,1
68216,20261126,2
68217,20261127,2
68218,20261126,2
68219,20261127,2
68220,20261126,2
68221,20261127,2
68222,20261126,2
68223,20261127,2
68224,20261126,2
68225,20261127,2
68226,20261126,2
68227,20261127,2
68228,20261126,2
68229,20261127,2
68230,20261126,2
68231,20261127,2
68232,20261126,2
68233,20261127,2
68234,20261126,2
68235,20261127,2
68236,20261126,2
68237,20261127,2
68238,20261127,1
68239,20261127,1
68240,20261126,1
68241,20261126,2
68242,20261127,2
109201,20261126,2
109202,20261126,2
109203,20261126,2
109204,20261127,2
109205,20261126,2
109206,20261126,2
109207,20261127,2
109208,20261127,2
109209,20261126,1
109210,20261127,2
109211,20261126,2
109212,20261127,2
109213,20261126,2
109214,20261127,2
109215,20261127,1
109216,20261126,2
109217,20261127,2
109218,20261126,2
109219,20261127,2
109220,20261126,2
109221,20261127,2
109222,20261126,2
109223,20261127,2
109224,20261126,2
109225,20261127,2
109226,20261126,2
109227,20261127,2
109228,20261126,2
109229,20261127,2
109230,20261126,2
109231,20261127,2
109232,20261126,2
109233,20261127,2
109234,20261126,2
109235,20261127,2
109236,20261126,2
109237,20261127,2
109238,20261127,1
109239,20261127,1
109240,20261126,1
109241,20261126,2
109242,20261127,2
209201,20261126,2
