service_id,monday,tuesday,wednesday,thursday,friday,saturday,sunday,start_date,end_date
68101,1,1,1,1,1,0,0,20260911,20260919
68102,1,1,1,1,0,0,0,20260911,20260919
68103,0,1,1,1,1,0,0,20260911,20260919
68104,0,1,1,1,1,0,0,20260911,20260919
68105,0,0,0,0,1,0,0,20260911,20260919
68106,0,0,0,0,0,1,0,20260911,20260919
68107,0,0,0,0,0,1,0,20260911,20260919
68108,0,0,0,0,0,0,1,20260911,20260919
68109,0,0,0,0,0,0,1,20260911,20260919
68110,0,0,1,1,1,1,0,20260911,20260919
68111,0,1,1,1,1,1,0,20260911,20260919
68112,0,1,1,1,1,1,0,20260911,20260919
68113,1,0,0,0,0,0,0,20260911,20260919
68114,1,0,0,0,0,0,0,20260911,20260919
68115,1,0,0,0,0,0,0,20260911,20260919
68116,0,1,0,0,0,0,0,20260911,20260919
68117,0,1,0,0,0,0,0,20260911,20260919
68118,1,0,1,1,1,0,0,20260911,20260919
68119,1,0,1,1,1,0,0,20260911,20260919
68120,0,0,1,0,0,0,0,20260911,20260919
68121,0,0,1,0,0,0,0,20260911,20260919
68122,1,1,0,1,1,0,0,20260911,20260919
68123,1,1,0,1,1,0,0,20260911,20260919
68124,0,0,0,1,0,0,0,20260911,20260919
68125,0,0,0,1,0,0,0,20260911,20260919
68126,1,1,1,0,1,0,0,20260911,20260919
68127,1,1,1,0,1,0,0,20260911,20260919
68128,0,1,1,0,0,0,0,20260911,20260919
68129,0,1,1,0,0,0,0,20260911,20260919
68130,1,0,0,1,1,0,0,20260911,20260919
68131,1,0,0,1,1,0,0,20260911,20260919
68132,1,1,0,0,1,0,0,20260911,20260919
68133,1,1,0,0,1,0,0,20260911,20260919
68134,1,1,1,1,1,0,1,20260911,20260919
68135,1,1,1,1,1,0,1,20260911,20260919
68136,1,1,1,1,1,1,0,20260911,20260919
68137,1,1,1,1,1,1,0,20260911,20260919
68138,1,1,1,1,1,1,0,20260911,20260919
68139,1,1,1,1,1,0,0,20260911,20260919
68140,1,1,1,1,0,0,1,20260911,20260919
68141,0,1,1,0,1,0,0,20260911,20260919
68142,0,1,1,0,1,0,0,20260911,20260919
68201,1,1,1,1,1,0,0,20260920,20261130
68202,1,1,1,1,0,0,0,20260920,20261130
68203,0,1,1,1,1,0,0,20260920,20261130
68204,0,1,1,1,1,0,0,20260920,20261130
68205,0,0,0,0,1,0,0,20260920,20261130
68206,0,0,0,0,0,1,0,20260920,20261130
68207,0,0,0,0,0,1,0,20260920,20261130
68208,0,0,0,0,0,0,1,20260920,20261130
68209,0,0,0,0,0,0,1,20260920,20261130
68210,0,0,1,1,1,1,0,20260920,20261130
68211,0,1,1,1,1,1,0,20260920,20261130
68212,0,1,1,1,1,1,0,20260920,20261130
68213,1,0,0,0,0,0,0,20260920,20261130
68214,1,0,0,0,0,0,0,20260920,20261130
68215,1,0,0,0,0,0,0,20260920,20261130
68216,0,1,0,0,0,0,0,20260920,20261130
68217,0,1,0,0,0,0,0,20260920,20261130
68218,1,0,1,1,1,0,0,20260920,20261130
68219,1,0,1,1,1,0,0,20260920,20261130
68220,0,0,1,0,0,0,0,20260920,20261130
68221,0,0,1,0,0,0,0,20260920,20261130
68222,1,1,0,1,1,0,0,20260920,20261130
68223,1,1,0,1,1,0,0,20260920,20261130
68224,0,0,0,1,0,0,0,20260920,20261130
68225,0,0,0,1,0,0,0,20260920,20261130
68226,1,1,1,0,1,0,0,20260920,20261130
68227,1,1,1,0,1,0,0,20260920,20261130
68228,0,1,1,0,0,0,0,20260920,20261130
68229,0,1,1,0,0,0,0,20260920,20261130
68230,1,0,0,1,1,0,0,20260920,20261130
68231,1,0,0,1,1,0,0,20260920,20261130
68232,1,1,0,0,1,0,0,20260920,20261130
68233,1,1,0,0,1,0,0,20260920,20261130
68234,1,1,1,1,1,0,1,20260920,20261130
68235,1,1,1,1,1,0,1,20260920,20261130
68236,1,1,1,1,1,1,0,20260920,20261130
68237,1,1,1,1,1,1,0,20260920,20261130
68238,1,1,1,1,1,1,0,20260920,20261130
68239,1,1,1,1,1,0,0,20260920,20261130
68240,1,1,1,1,0,0,1,20260920,20261130
68241,0,1,1,0,1,0,0,20260920,20261130
68242,0,1,1,0,1,0,0,20260920,20261130
109201,1,1,1,1,1,0,0,20260911,20261130
109202,1,1,1,1,0,0,0,20260911,20261130
109203,0,1,1,1,1,0,0,20260911,20261130
109204,0,1,1,1,1,0,0,20260911,20261130
109205,0,0,0,0,1,0,0,20260911,20261130
109206,0,0,0,0,0,1,0,20260911,20261130
109207,0,0,0,0,0,1,0,20260911,20261130
109208,0,0,0,0,0,0,1,20260911,20261130
109209,0,0,0,0,0,0,1,20260911,20261130
109210,0,0,1,1,1,1,0,20260911,20261130
109211,0,1,1,1,1,1,0,20260911,20261130
109212,0,1,1,1,1,1,0,20260911,20261130
109213,1,0,0,0,0,0,0,20260911,20261130
109214,1,0,0,0,0,0,0,20260911,20261130
109215,1,0,0,0,0,0,0,20260911,20261130
109216,0,1,0,0,0,0,0,20260911,20261130
109217,0,1,0,0,0,0,0,20260911,20261130
109218,1,0,1,1,1,0,0,20260911,20261130
109219,1,0,1,1,1,0,0,20260911,20261130
109220,0,0,1,0,0,0,0,20260911,20261130
109221,0,0,1,0,0,0,0,20260911,20261130
109222,1,1,0,1,1,0,0,20260911,20261130
109223,1,1,0,1,1,0,0,20260911,20261130
109224,0,0,0,1,0,0,0,20260911,20261130
109225,0,0,0,1,0,0,0,20260911,20261130
109226,1,1,1,0,1,0,0,20260911,20261130
109227,1,1,1,0,1,0,0,20260911,20261130
109228,0,1,1,0,0,0,0,20260911,20261130
109229,0,1,1,0,0,0,0,20260911,20261130
109230,1,0,0,1,1,0,0,20260911,20261130
109231,1,0,0,1,1,0,0,20260911,20261130
109232,1,1,0,0,1,0,0,20260911,20261130
109233,1,1,0,0,1,0,0,20260911,20261130
109234,1,1,1,1,1,0,1,20260911,20261130
109235,1,1,1,1,1,0,1,20260911,20261130
109236,1,1,1,1,1,1,0,20260911,20261130
109237,1,1,1,1,1,1,0,20260911,20261130
109238,1,1,1,1,1,1,0,20260911,20261130
109239,1,1,1,1,1,0,0,20260911,20261130
109240,1,1,1,1,0,0,1,20260911,20261130
109241,0,1,1,0,1,0,0,20260911,20261130
109242,0,1,1,0,1,0,0,20260911,20261130
209201,1,1,1,1,1,0,0,20260911,20261130
